1	Теодолит №1	КРУГ(1)	Компенсатор	-0.0008299855	000.0004558378	000	0	-2.988	000	0	1.641	000.650	000.764
0	Теодолит №2	КРУГ(1)	Компенсатор	000.0005419999	-0.0002683736	000	0	1.951	000	0	-0.966	000.484	000.472
2	Теодолит №1	КРУГ(1)	Куб стенда В	000.0000055298	089.8404911599	000	0	0.020	089	50	25.768	000.011	000.919
3	Теодолит №2	КРУГ(1)	Куб стенда Д	359.9999999727	089.7798779109	359	59	60.000	089	46	47.560	000.000	000.527
4	Теодолит №1	КРУГ(1)	Теодолит №2	347.9385183146	090.2214100727	347	56	18.666	090	13	17.076	000.017	000.900
5	Теодолит №2	КРУГ(1)	Теодолит №1	077.9379416550	089.7786568878	077	56	16.590	089	46	43.165	000.020	000.502
6	Теодолит №1	КРУГ(1)	Теодолит Зв	019.9871306755	089.9988516076	019	59	13.670	089	59	55.866	000.019	000.532
7	Зв.Теодолит	КРУГ(КЛ)	Прибор	000.0000000000	090.0000000000	000 0 0.000	090 0 0.000	
8	Зв.Теодолит	КРУГ(КЛ)	Прибор	160.0000000000	090.0000000000	160 0 0.000	090 0 0.000	
9	Теодолит №1	КРУГ(1)	Теодолит Зв	019.9872007196	089.9995192442	019	59	13.923	089	59	58.269	000.015	000.529
10	Теодолит №1	КРУГ(1)	Теодолит №2	347.9391170618	090.2211153588	347	56	20.821	090	13	16.015	000.020	000.513
11	Теодолит №2	КРУГ(1)	Теодолит №1	077.9379193487	089.7785413853	077	56	16.510	089	46	42.749	000.007	000.394
12	Теодолит №1	КРУГ(1)	Куб стенда В	359.9997654672	089.8415962218	359	59	59.156	089	50	29.746	000.024	000.796
13	Теодолит №2	КРУГ(1)	Куб стенда Д	000.0008313884	089.7779717100	000	0	2.993	089	46	40.698	000.008	000.275
14	Теодолит №1	КРУГ(1)	Компенсатор	-0.0006944607	000.0013742924	000	0	-2.500	000	0	4.947	000.614	000.428
15	Теодолит №2	КРУГ(1)	Компенсатор	000.0001081041	-0.0005769166	000	0	0.389	000	0	-2.077	000.501	000.634

