1	Теодолит №1	КРУГ(1)		Компенсатор	000.0000928403	000.0012188260	000 0 0.334	000 0 4.388	000.364	000.438
2	Теодолит №2	КРУГ(1)		Компенсатор	-0.0002811170	000.0017170204	000 0 -1.012	000 0 6.181	000.182	000.226
4	Теодолит №1	КРУГ(1)		Куб стенда В	359.9999941328	089.8544535321	359 59 59.979	089 51 16.033	000.007	000.634
3	Теодолит №2	КРУГ(1)		Куб стенда Д	359.9999998836	089.7769718380	359 59 60.000	089 46 37.099	000.000	000.288
6	Теодолит №1	КРУГ(1)		Теодолит №2	347.9673387800	090.2261737288	347 58 2.420	090 13 34.225	000.010	000.430
5	Теодолит №2	КРУГ(1)		Теодолит №1	077.9660748109	089.7740177520	077 57 57.869	089 46 26.464	000.010	000.573
8	Теодолит №1	КРУГ(1)		Компенсатор	000.0001083985	-0.0002077042	000 0 0.390	000 0 -0.748	000.767	000.335
9	Теодолит №2	КРУГ(1)		Компенсатор	-0.0003624254	000.0013695525	000 0 -1.305	000 0 4.930	000.677	000.287
10	Теодолит №2	КРУГ(1)		Плоское зеркало	000.000000000	89.4907105	000 0 0.000	089 29 26.559	000.018	000.316
12	Теодолит №2	КРУГ(1)		Плоское зеркало	000.001573113	089.48994357	000 0 5.663	089 29 23.797	000.014	000.248
14	Теодолит №2	КРУГ(1)		Плоское зеркало	000.007318886	089.49101499	000 0 26.347	089 29 27.654	000.011	000.237
17	Теодолит №2	КРУГ(1)		Плоское зеркало	000.004906359	089.49591056	000 0 17.663	089 29 45.278	000.004	000.436
18	Теодолит №1	КРУГ(1)		Теодолит №2	044.49575136	090.50251824	044 29 44.705	090 30 9.0666	000.006	000.355
19	Теодолит №2	КРУГ(1)		Теодолит №1	224.4495927	089.4974807	224 26 58.534	089 29 50.931	000.001	000.507
