0	Теодолит №1	КРУГ(1)	Компенсатор	000.0003335553	000.0005284182	000	0	1.201	000	0	1.902	000.813	000.539
1	Теодолит №2	КРУГ(1)	Компенсатор	000.0005721006	000.0010580642	000	0	2.060	000	0	3.809	000.343	000.445
2	Теодолит №1	КРУГ(1)	Куб стенда В	359.9999999589	090.2611363949	359	59	60.000	090	15	40.091	000.000	000.513
3	Теодолит №2	КРУГ(1)	Куб стенда Д	000.0000000531	090.1204801721	000	0	0.000	090	7	13.729	000.000	000.356
4	Теодолит №1	КРУГ(1)	Теодолит №2	348.0137906637	089.8813524193	348	0	49.646	089	52	52.869	000.019	000.244
5	Теодолит №2	КРУГ(1)	Теодолит №1	078.0127602879	090.1210925198	078	0	45.937	090	7	15.933	000.006	000.074
6	Теодолит №1	КРУГ(1)	Теодолит Зв	029.9433464417	089.9990172315	029	56	36.047	089	59	56.462	000.019	000.417
7	Зв.Теодолит	КРУГ(КЛ)	Прибор	000.0000000000	090.0000000000	000 0 0.000	090 0 0.000	
8	Зв.Теодолит	КРУГ(КЛ)	Прибор	150.0000000000	090.0000000000	150 0 0.000	090 0 0.000	
9	Теодолит №1	КРУГ(1)	Теодолит Зв	029.9432444365	089.9997821937	029	56	35.680	089	59	59.216	000.018	000.369
10	Теодолит №1	КРУГ(1)	Теодолит №2	348.0139375850	089.8817683591	348	0	50.175	089	52	54.366	000.016	000.557
11	Теодолит №2	КРУГ(1)	Теодолит №1	078.0128480708	090.1209319769	078	0	46.253	090	7	15.355	000.007	000.340
12	Теодолит №1	КРУГ(1)	Куб стенда В	359.9994873259	090.2619835392	359	59	58.154	090	15	43.141	000.022	000.978
13	Теодолит №2	КРУГ(1)	Куб стенда Д	359.9989849036	090.1206669913	359	59	56.346	090	7	14.401	000.010	000.553
14	Теодолит №1	КРУГ(1)	Компенсатор	000.0006664248	000.0009620127	000	0	2.399	000	0	3.463	000.773	000.579
15	Теодолит №2	КРУГ(1)	Компенсатор	000.0018720962	000.0011688167	000	0	6.740	000	0	4.208	000.346	000.471
